# Created by Octave 5.2.0, Thu Jun 04 22:49:15 2020 EDT <jwe@devnull>
# name: west0479
# type: sparse matrix
# nnz: 1888
# rows: 479
# columns: 479
25 1 1
31 1 -0.037648130000000002
87 1 -0.34423959999999998
26 2 1
31 2 -0.024522619999999998
88 2 -0.3737086
27 3 1
31 3 -0.036613039999999999
89 3 -0.83693790000000001
28 4 130
29 4 -2.433767
29 5 1
30 5 -1.6140909999999999
30 6 1.6140909999999999
31 6 -0.21873210000000001
87 6 -1
88 6 -1
89 6 -1
32 7 -1.138352
43 7 0.036694280000000003
111 7 0.099316360000000006
112 7 0.099316360000000006
113 7 0.099316360000000006
33 8 -0.5
43 8 0.016117289999999999
111 8 0.087245760000000006
34 9 -0.36119180000000001
43 9 0.01164286
112 9 0.1050415
35 10 -0.3218876
43 10 0.01037591
113 10 0.1404166
36 11 -0.43624160000000001
37 11 -0.76804249999999996
38 11 -0.14302790000000001
39 11 -0.15938859999999999
37 12 1
43 12 -0.048560819999999998
111 12 -0.2628684
38 13 1
43 13 -0.030925950000000001
112 13 -0.27901280000000001
39 14 1
43 14 -0.046123589999999999
113 14 -0.62418819999999997
40 15 5.2824359999999997
42 15 -0.61239209999999999
41 16 0.2886822
42 16 -0.2163815
42 17 1.3287739999999999
43 17 -0.36946859999999998
111 17 -1
112 17 -1
113 17 -1
2 18 48.176470000000002
8 18 -1
11 18 -3.3474840000000003e-05
3 19 83.5
9 19 -1
12 19 -4.1365390000000001e-05
4 20 171.94120000000001
10 20 -1
13 20 -8.4843450000000005e-05
5 21 96.651380000000003
8 21 2.5
11 21 3.3474840000000003e-05
6 22 168.2706
9 22 2.5
12 22 4.1365390000000001e-05
7 23 347.5872
10 23 2.5
13 23 8.4843450000000005e-05
8 24 1
17 24 -0.1106967
27 24 1.605232
9 25 1
17 25 -0.089808520000000003
10 26 1
17 26 -0.15173690000000001
11 27 1.0104550000000001
18 27 -0.5
12 28 1.005978
18 28 -0.29999999999999999
13 29 1.002885
18 29 -0.20000000000000001
14 30 1
17 30 -0.1811855
15 31 1
17 31 -0.24002390000000001
16 32 1
17 32 -0.22654840000000001
17 33 1
19 33 -1
30 33 1.5
42 33 0.5
18 34 1
20 34 -316220
23 34 -12323.690000000001
24 34 -1
30 34 -35226.800000000003
41 34 18449.02
19 35 5.2983390000000004
21 35 0.0024526869999999998
20 36 1080.8589999999999
21 36 -0.2050215
21 37 0.14419199999999999
22 37 63.05986
30 37 -0.1159299
22 38 -18449.02
24 38 0.84533389999999997
40 38 -18449.02
41 38 -15595.58
23 39 1
30 39 0.20204929999999999
42 39 -0.88547100000000001
24 40 0.0001000234
30 40 2.4483389999999998
42 40 0.81611299999999998
68 41 1
74 41 -0.0002278669
99 41 -0.26243949999999999
69 42 1
74 42 -0.00041887629999999999
100 42 -0.32161960000000001
70 43 1
74 43 -0.001576933
101 43 -0.72647609999999996
71 44 300
72 44 -2.8518910000000002
72 45 1
73 45 -0.28701589999999999
73 46 0.28701589999999999
74 46 -0.0043413219999999999
99 46 -1
100 46 -1
101 46 -1
75 47 -1.138352
86 47 0.042002860000000003
123 47 0.9414806
124 47 0.9414806
125 47 0.9414806
76 48 -0.3218876
86 48 0.011877
123 48 1.3310949999999999
77 49 -0.36119180000000001
86 49 0.013327240000000001
124 49 0.99575290000000005
78 50 -0.5
86 50 0.01844898
125 50 0.82705600000000001
79 51 -1
80 51 -19.239999999999998
81 51 -3.8029999999999999
82 51 -9.4809999999999999
80 52 1
86 52 -0.00088757840000000001
123 52 -0.099473919999999993
81 53 1
86 53 -0.0013313680000000001
124 53 -0.099473919999999993
82 54 1
86 54 -0.0022189459999999999
125 54 -0.099473919999999993
83 55 1.177613
85 55 -3.1089630000000001
84 56 0.99194249999999995
85 56 -2.640056
85 57 3.1921119999999998
86 57 -0.044613630000000001
123 57 -1
124 57 -1
125 57 -1
45 58 109.86879999999999
51 58 -1
54 58 -3.3081099999999997e-05
46 59 191.38460000000001
52 59 -1
55 59 -4.1084670000000001e-05
47 60 395.4796
53 60 -1
56 60 -8.456383e-05
48 61 221.73390000000001
51 61 2.5
54 61 3.3081099999999997e-05
49 62 387.00920000000002
52 62 2.5
55 62 4.1084670000000001e-05
50 63 800.81650000000002
53 63 2.5
56 63 8.456383e-05
51 64 1
60 64 -0.0091702290000000002
52 65 1
60 65 -0.046441099999999999
53 66 1
60 66 -0.48999189999999998
54 67 1.0045299999999999
61 67 -0.20000000000000001
55 68 1.002591
61 68 -0.29999999999999999
56 69 1.00125
61 69 -0.5
57 70 1
60 70 -0.037500529999999997
58 71 1
60 71 -0.124143
59 72 1
60 72 -0.29275319999999999
60 73 1
62 73 -1
73 73 0.18537329999999999
85 73 0.06179109
61 74 1
63 74 -316220
66 74 -16364.190000000001
67 74 -1
73 74 -4696.7820000000002
84 74 131.85400000000001
62 75 22.12913
64 75 0.95375259999999995
63 76 2494.29
64 76 -1.021587
64 77 0.88782810000000001
65 77 1.0400419999999999
73 77 -2.640056
65 78 -131.85400000000001
67 78 0.0080574700000000006
83 78 -131.85400000000001
84 78 -1.0624089999999999
66 79 1
73 79 0.1016426
85 79 -0.06179109
67 80 0.0076452569999999999
73 80 23.098949999999999
85 80 7.699649
31 81 1
244 81 1
43 82 1
1 83 1
17 83 -3.850231
18 83 -8.4599350000000005e-05
31 83 2.0159099999999999
35 83 1
43 83 1.596171
243 83 -0.78975119999999999
74 84 1
388 84 0.88175619999999999
86 85 1
44 86 1
60 86 -2.7937599999999998
61 86 -8.4458229999999999e-05
74 86 2.0156649999999998
78 86 1
86 86 1.5939939999999999
387 86 -0.96191499999999996
385 87 0.002424669
386 87 0.030362779999999999
387 87 0.67304509999999995
388 87 1.45936
96 88 0.016896609999999999
97 88 0.034848030000000002
98 88 -0.060080179999999997
120 88 -0.55527170000000003
121 88 -0.47703980000000001
122 88 -0.1858293
141 88 -1
142 88 -1
143 88 -1
185 88 -55.188569999999999
186 88 -95.676860000000005
187 88 -215.83770000000001
389 88 1
438 88 1
439 88 1
440 88 1
441 88 1
442 88 1
443 88 1
450 88 -0.0018907559999999999
451 88 -0.0015311400000000001
452 88 -0.001013726
455 88 2.5
456 88 26.063700000000001
458 88 1
459 88 -1.5
461 88 -9.6031809999999993
462 88 -9.4541850000000007
463 88 -9.4376809999999995
464 88 -48.295720000000003
472 88 0.90759219999999996
473 88 -4.3759670000000002
474 88 -8.997992
475 88 -8.8819579999999991
476 88 1
182 89 1
183 89 1
184 89 1
391 89 1
455 89 -1
456 89 -26.063700000000001
458 89 -1
468 89 1
388 90 -1.45936
467 90 1
479 91 1
203 92 -1
204 92 -1
205 92 -1
209 92 1
210 92 1
211 92 1
382 92 56.953099999999999
385 92 0.70583249999999997
437 92 1
453 92 -0.64913719999999997
454 92 -3.2948409999999999e-05
467 92 0.53807479999999996
469 92 1
479 92 0.082471119999999995
203 93 -1
204 93 -1
205 93 -1
209 93 1
210 93 1
211 93 1
383 93 11.58384
386 93 0.70583249999999997
437 93 1
453 93 -1.021542
454 93 -4.0990330000000002e-05
467 93 -0.36302479999999998
470 93 1
479 93 0.069522609999999999
203 94 -1
204 94 -1
205 94 -1
209 94 1
210 94 1
211 94 1
384 94 0.3209631
387 94 0.70583249999999997
437 94 1
453 94 -2.049007
454 94 -8.4470029999999998e-05
467 94 0.91353620000000002
471 94 1
479 94 0.83976379999999995
241 95 0.55083519999999997
242 95 0.4489223
243 95 0.0002425203
244 95 0.40528330000000001
108 96 -0.067276619999999995
109 96 -0.15700610000000001
110 96 -0.097475699999999998
132 96 -0.25060070000000001
133 96 -0.2802617
134 96 0.1008491
245 96 -1
395 96 1
396 96 1
397 96 1
398 96 1
399 96 1
400 96 1
407 96 -0.0028636019999999998
408 96 -0.0023162590000000002
409 96 -0.00153089
412 96 2.5
413 96 11.5878
415 96 1
416 96 -1.101224
418 96 -1.3644320000000001
419 96 -1.2188209999999999
420 96 -1.2108589999999999
421 96 -34.621049999999997
429 96 0.60313589999999995
430 96 -0.59963840000000002
431 96 -1.403392
432 96 -1.3703860000000001
433 96 1
246 97 1
412 97 -1
413 97 -11.5878
415 97 -1
425 97 1
244 98 -0.40528330000000001
424 98 1
436 99 1
160 100 -0.85938400000000004
161 100 -0.773339
162 100 -0.79517400000000005
238 100 -1
241 100 1
394 100 1
410 100 -1.623659
411 100 -3.3032779999999999e-05
424 100 3.5720350000000001
426 100 1
436 100 0.92435319999999999
160 101 -1.171821
161 101 -1.277352
162 101 -1.250508
239 101 -1
242 101 1
394 101 1
410 101 -2.4602889999999999
411 101 -4.1050809999999997e-05
424 101 -2.1785329999999998
427 101 1
436 101 0.65098420000000001
160 102 -2.3280470000000002
161 102 -2.4161549999999998
162 102 -2.5121660000000001
240 102 -1
243 102 1
394 102 1
410 102 -4.7536199999999997
411 102 -8.45305e-05
424 102 6.1671399999999998
428 102 1
436 102 3.3966910000000001
241 103 0.043736570000000002
